--- window K1_SCREWS 09:08-09:10
09:08:11 18.000 23.000 -0.260344
09:08:25 82.750 23.000 -0.279000
09:08:30 147.500 23.000 -0.252372
09:08:36 212.250 23.000 -0.244906
09:08:42 277.000 23.000 -0.239500
09:08:48 277.000 85.750 -0.091906
09:08:54 212.250 85.750 -0.107000
09:08:59 147.500 85.750 -0.095844
09:09:05 82.750 85.750 -0.119440
09:09:10 18.000 85.750 -0.126551
09:09:17 18.000 148.500 -0.076750
09:09:23 82.750 148.500 -0.063210
09:09:28 147.500 148.500 0.033271
09:09:34 212.250 148.500 0.022043
09:09:39 277.000 148.500 -0.051656
09:09:46 277.000 211.250 -0.042315
09:09:52 212.250 211.250 0.009125
09:09:57 147.500 211.250 0.033000
09:10:03 82.750 211.250 0.008679
09:10:08 18.000 211.250 -0.006906
09:10:15 18.000 274.000 -0.093313
09:10:21 82.750 274.000 -0.070114
09:10:26 147.500 274.000 -0.076375
09:10:32 212.250 274.000 -0.098687
09:10:45 277.000 274.000 -0.109906
--- window K1_SUB_SW 09:35-09:39
09:35:51 5.000 5.000 -0.274937
09:35:56 34.000 5.000 -0.275625
09:36:02 63.000 5.000 -0.303750
09:36:07 92.000 5.000 -0.330938
09:36:13 121.000 5.000 -0.320219
09:36:18 150.000 5.000 -0.281312
09:36:25 150.000 34.000 -0.219375
09:36:30 121.000 34.000 -0.236344
09:36:35 92.000 34.000 -0.266196
09:36:41 63.000 34.000 -0.232844
09:36:46 34.000 34.000 -0.254812
09:36:51 5.000 34.000 -0.194906
09:36:58 5.000 63.000 -0.149188
09:37:03 34.000 63.000 -0.195094
09:37:09 63.000 63.000 -0.185938
09:37:14 92.000 63.000 -0.203969
09:37:25 121.000 63.000 -0.160500
09:37:30 150.000 63.000 -0.130719
09:37:37 150.000 92.000 -0.069278
09:37:42 121.000 92.000 -0.060062
09:37:48 92.000 92.000 -0.125563
09:37:53 63.000 92.000 -0.120372
09:37:58 34.000 92.000 -0.124509
09:38:04 5.000 92.000 -0.107892
09:38:10 5.000 121.000 -0.071156
09:38:16 34.000 121.000 -0.080813
09:38:21 63.000 121.000 -0.084844
09:38:26 92.000 121.000 -0.024173
09:38:32 121.000 121.000 -0.042423
09:38:37 150.000 121.000 -0.016375
09:38:43 150.000 150.000 -0.008750
09:38:49 121.000 150.000 -0.027773
09:38:54 92.000 150.000 0.002188
09:38:59 63.000 150.000 -0.067872
09:39:05 34.000 150.000 -0.077500
09:39:18 5.000 150.000 0.155023
--- window K1_SUB_SE 09:40-09:43
09:40:01 150.000 5.000 -0.295625
09:40:06 179.000 5.000 -0.300469
09:40:17 208.000 5.000 -0.302500
09:40:23 237.000 5.000 -0.300156
09:40:28 266.000 5.000 -0.292031
09:40:33 295.000 5.000 -0.318687
09:40:40 295.000 34.000 -0.171375
09:40:45 266.000 34.000 -0.215219
09:40:50 237.000 34.000 -0.217563
09:40:56 208.000 34.000 -0.201781
09:41:01 179.000 34.000 -0.226094
09:41:07 150.000 34.000 -0.258125
09:41:13 150.000 63.000 -0.135648
09:41:19 179.000 63.000 -0.137031
09:41:32 208.000 63.000 -0.129125
09:41:37 237.000 63.000 -0.153577
09:41:42 266.000 63.000 -0.157531
09:41:48 295.000 63.000 -0.124469
09:41:54 295.000 92.000 -0.054656
09:41:59 266.000 92.000 -0.088594
09:42:05 237.000 92.000 -0.110719
09:42:10 208.000 92.000 -0.097696
09:42:15 179.000 92.000 -0.084438
09:42:21 150.000 92.000 -0.076812
09:42:27 150.000 121.000 -0.039938
09:42:33 179.000 121.000 -0.045687
09:42:38 208.000 121.000 -0.047602
09:42:43 237.000 121.000 -0.070625
09:42:49 266.000 121.000 -0.083406
09:42:54 295.000 121.000 -0.038687
09:43:01 295.000 150.000 -0.020026
09:43:06 266.000 150.000 -0.036031
09:43:11 237.000 150.000 -0.001469
09:43:16 208.000 150.000 -0.005875
09:43:22 179.000 150.000 0.016344
09:43:39 150.000 150.000 0.141294
--- window K1_SUB_NW 09:44-09:47
09:44:30 5.000 150.000 -0.038727
09:44:35 34.000 150.000 -0.088156
09:44:41 63.000 150.000 -0.080094
09:44:46 92.000 150.000 -0.007188
09:44:51 121.000 150.000 0.008304
09:44:57 150.000 150.000 -0.003525
09:45:03 150.000 179.000 0.011006
09:45:09 121.000 179.000 -0.020021
09:45:14 92.000 179.000 -0.008401
09:45:19 63.000 179.000 -0.008812
09:45:25 34.000 179.000 0.002543
09:45:30 5.000 179.000 -0.018190
09:45:37 5.000 208.000 -0.013528
09:45:42 34.000 208.000 -0.029656
09:45:47 63.000 208.000 -0.009969
09:45:53 92.000 208.000 0.010125
09:45:58 121.000 208.000 0.033230
09:46:03 150.000 208.000 0.008969
09:46:10 150.000 237.000 -0.021781
09:46:15 121.000 237.000 0.003423
09:46:21 92.000 237.000 -0.034290
09:46:26 63.000 237.000 -0.034156
09:46:31 34.000 237.000 -0.051884
09:46:37 5.000 237.000 -0.015131
09:46:43 5.000 266.000 -0.018813
09:46:49 34.000 266.000 -0.063727
09:46:54 63.000 266.000 -0.068031
09:46:59 92.000 266.000 -0.035375
09:47:05 121.000 266.000 -0.061489
09:47:10 150.000 266.000 -0.043094
09:47:17 150.000 295.000 -0.074463
09:47:22 121.000 295.000 -0.089563
09:47:28 92.000 295.000 -0.067091
09:47:33 63.000 295.000 -0.041750
09:47:38 34.000 295.000 -0.035088
09:47:52 5.000 295.000 -0.022348
--- window K1_SUB_NE 09:48-09:52
09:48:35 150.000 150.000 -0.026179
09:48:40 179.000 150.000 -0.005489
09:48:45 208.000 150.000 -0.009088
09:48:50 237.000 150.000 -0.025906
09:49:03 266.000 150.000 -0.023000
09:49:08 295.000 150.000 -0.027594
09:49:15 295.000 179.000 -0.009295
09:49:20 266.000 179.000 -0.036719
09:49:25 237.000 179.000 -0.025406
09:49:31 208.000 179.000 -0.003156
09:49:36 179.000 179.000 0.032687
09:49:48 150.000 179.000 0.023062
09:49:55 150.000 208.000 -0.007974
09:50:00 179.000 208.000 0.005438
09:50:05 208.000 208.000 -0.034000
09:50:11 237.000 208.000 -0.040313
09:50:16 266.000 208.000 -0.037719
09:50:21 295.000 208.000 -0.001759
09:50:28 295.000 237.000 -0.067423
09:50:33 266.000 237.000 -0.068384
09:50:39 237.000 237.000 -0.058330
09:50:44 208.000 237.000 -0.043807
09:50:49 179.000 237.000 -0.028256
09:50:55 150.000 237.000 -0.019656
09:51:01 150.000 266.000 -0.061281
09:51:07 179.000 266.000 -0.077707
09:51:12 208.000 266.000 -0.078188
09:51:17 237.000 266.000 -0.105750
09:51:23 266.000 266.000 -0.096571
09:51:33 295.000 266.000 -0.109580
09:51:40 295.000 295.000 -0.147313
09:51:45 266.000 295.000 -0.116719
09:51:51 237.000 295.000 -0.103375
09:51:56 208.000 295.000 -0.093719
09:52:01 179.000 295.000 -0.085142
09:52:15 150.000 295.000 0.016425
