--- K1_SCREWS at line 397552
-0.120344, -0.139000, -0.112372, -0.104906, -0.099500
-0.011551, -0.004440, 0.019156, 0.008000, 0.023094
0.013250, 0.026790, 0.123271, 0.112043, 0.038344
0.058094, 0.073679, 0.098000, 0.074125, 0.022685
-0.053313, -0.030114, -0.036375, -0.058687, -0.109906
--- K1_SUB_SW at line 474909
0.024023, 0.023335, -0.004790, -0.031977, -0.021259, 0.017648
0.084054, 0.024148, 0.046116, 0.012764, 0.042616, 0.059585
0.109773, 0.063866, 0.073023, 0.054991, 0.098460, 0.128241
0.131068, 0.114452, 0.118588, 0.113398, 0.178898, 0.169682
0.147804, 0.138148, 0.134116, 0.194787, 0.176537, 0.202585
0.155023, 0.121460, 0.131088, 0.201148, 0.171188, 0.190210
--- K1_SUB_SE at line 487086
-0.032846, -0.037690, -0.039721, -0.037377, -0.029252, -0.055908
-0.015346, 0.016685, 0.040998, 0.025217, 0.027560, 0.071404
0.087131, 0.085748, 0.093654, 0.069202, 0.065248, 0.098310
0.125967, 0.118342, 0.105083, 0.092060, 0.114185, 0.148123
0.142842, 0.137092, 0.135177, 0.112154, 0.099373, 0.144092
0.141294, 0.179123, 0.156904, 0.161310, 0.126748, 0.142754
--- K1_SUB_NW at line 498945
0.118345, 0.068916, 0.076979, 0.149885, 0.165376, 0.153548
0.118882, 0.139615, 0.128260, 0.128672, 0.117052, 0.148078
0.103544, 0.087416, 0.107104, 0.127197, 0.150303, 0.126041
0.081942, 0.045189, 0.062916, 0.062783, 0.100496, 0.075291
0.058260, 0.013345, 0.009041, 0.041697, 0.015584, 0.033979
-0.022348, 0.021984, 0.015322, -0.010018, -0.032490, -0.017391
--- K1_SUB_NE at line 511286
0.157933, 0.178624, 0.175024, 0.158206, 0.161112, 0.156518
0.187175, 0.196800, 0.160956, 0.138706, 0.127393, 0.154817
0.136138, 0.149550, 0.110112, 0.103800, 0.106393, 0.142354
0.104456, 0.095857, 0.080305, 0.065783, 0.055729, 0.056689
0.042831, 0.026405, 0.025925, -0.001638, 0.007541, -0.005467
0.016425, -0.001030, -0.009607, -0.019263, -0.032607, -0.063200

